1.1111
1.4089
1.7111
2.0134
2.1262
2.2389
2.3517
2.9156
3.2134
3.5156
3.8179
3.9307
4.0435
4.1562
4.7202
5.0179
5.3202
5.6224
5.7352
5.848
5.9608
6.5247
6.9758
7.2014
7.6525
8.3292
8.6269
8.9292
9.2314
9.3442
9.457
9.5698
10.1337
10.4314
10.7337
11.0359
11.1487
11.2615
11.3743
11.9382
12.2359
12.5382
12.8405
12.9532
13.066
13.1788
13.7427
14.4194
15.0961
15.3217
15.5472
15.9983
16.9006
17.1262
17.3517
17.8029
18.254
18.4795
19.1562
19.3818
19.6074
19.8329
20.0585
20.5096
20.7352
20.9608
21.4119
21.863
22.0886
22.7653
23.2164
23.6675
24.1186
24.5698
25.0209
25.472
25.9232
26.1487
26.2615
26.3743
26.8254
28.1788
28.4765
28.7788
29.0811
29.5322
29.7577
29.9833
30.4344
31.3367
31.5623
31.7878
32.2389
32.6901
32.9156
33.5923
33.8179
34.0435
34.269
34.4946
34.9457
35.1713
35.3968
35.848
36.2991
36.5247
37.2014
37.6525
38.1036
38.5547
39.0059
39.457
39.9081
40.3592
40.5848
40.6976
40.8104
41.2615
42.6149
42.9126
43.2149
43.5171
43.9683
44.1938
44.4194
44.8705
45.5472
45.7728
45.9983
46.2239
46.4495
46.9006
48.0284
48.4795
48.7051
49.1562
49.3818
49.6074
49.8329
50.9608
51.1863
51.4119
51.6374
52.0886
52.3141
53.442
53.8931
54.1186
54.3442
54.5698
55.0209
55.2465
55.472
55.6976
55.9232
56.1487
56.3743
56.5998
56.8254
57.051
57.2765
57.5021
57.7277
58.4044
58.6299
58.8555
59.3066
60.2089
60.4344
60.66
61.1111
61.5623
61.7878
62.4645
62.6901
62.9156
63.1412
63.3668
63.5923
63.8179
64.0435
64.269
64.7202
65.1713
65.3968
66.0735
67.878
69.0059
69.2314
69.457
69.6826
70.8104
71.0359
71.2615
71.4871
71.7126
71.9382
72.1638
72.6149
72.8405
73.2916
74.4194
74.645
74.8705
75.0961
76.2239
76.4495
76.675
76.9006
78.0284
78.254
78.4795
78.7051
79.1562
79.3818
80.0585
80.2841
80.5096
80.9608
81.1863
81.6374
81.863
82.0886
82.3141
82.7653
82.9908
83.2164
83.442
83.6675
83.8931
84.1186
84.3442
84.5698
84.7953
85.0209
85.2465
85.472
85.6976
85.9232
86.3743
86.8254
87.051
87.7277
88.1788
88.4044
88.6299
88.8555
89.0811
89.3066
89.5322
89.9833
90.4344
90.8856
91.1111
91.2239
91.3367
91.7878
93.1412
93.4389
93.7412
94.0435
94.4946
94.7202
94.9457
95.3968
95.6224
96.0735
96.2991
96.5247
96.7502
97.2014
97.4269
97.6525
97.878
98.1036
98.3292
98.5547
98.7803
99.0059
99.2314
99.457
99.6826
99.9081
100.1337
100.3592
100.8104
101.2615
101.4871
102.1638
102.6149
102.8405
103.066
103.2916
103.5171
103.7427
103.9683
104.4194
104.8705
105.3217
105.5472
105.66
105.7728
106.2239
107.5773
107.875
108.1773
108.4795
108.9307
109.1562
109.3818
109.8329
110.0585
110.5096
110.7352
110.9608
111.1863
111.4119
111.863
112.3141
112.7653
112.9908
113.442
113.6675
114.1186
114.3442
114.5698
114.6826
114.7953
115.472
115.9232
116.1487
116.3743
116.5998
117.051
117.2765
117.7277
118.1788
118.2916
118.4044
118.8555
119.0811
119.3066
119.5322
119.9833
120.2089
120.4344
120.66
120.8856
121.1111
121.3367
121.5623
121.7878
122.0134
122.2389
122.4645
122.6901
123.3668
123.5923
123.8179
124.269
124.4946
124.9457
125.1713
125.3968
125.6224
126.0735
126.2991
126.5247
126.7502
126.9758
127.2014
127.4269
127.6525
127.878
128.1036
128.3292
128.5547
128.7803
129.0059
129.2314
129.6826
130.1337
130.3592
131.0359
131.3337
131.6359
131.9382
132.051
132.1638
132.2765
132.8405
133.1382
133.4405
133.7427
133.8555
133.9683
134.0811
134.645
134.9427
135.245
135.5472
135.66
135.7728
135.8856
136.4495
137.1262
137.5773
137.8029
138.0284
138.254
138.5517
138.854
139.1562
139.269
139.3818
139.4946
140.0585
140.3562
140.6585
140.9608
141.0735
141.1863
141.2991
141.4119
141.6374
141.863
142.1608
142.463
142.7653
142.878
142.9908
143.1036
143.6675
144.3442
145.472
147.051
147.1638
147.2765
147.5021
147.7277
147.9532
148.1788
148.4044
148.6299
148.8555