0.5
0.3
0.3
0.3
0.3
0.4
0.5
0.3
0.7
0.3
0.3
0.3
0.3
0.4
0.5
0.3
0.3
0.3
0.3
0.3
0.3
0.4
0.5
0.3
0.2
0.3
0.4
0.2
0.6
0.5
0.3
0.3
0.3
0.3
0.4
0.5
0.3
0.7
0.3
0.3
0.3
0.3
0.4
0.5
0.3
0.3
0.3
0.3
0.3
0.3
0.4
0.5
0.3
0.2
0.3
0.2
0.5
0.4
0.5
0.3
0.7
0.5
0.3
0.4
0.4
0.8
0.7
0.6
0.7
0.5
0.6
0.5
0.6
0.7
0.5
0.4
0.3
0.3
0.6
0.2
0.5
0.4
0.5
0.5
0.3
0.7
0.5
0.1
0.6
0.95
0.4
0.9
0.8
0.7
0.6
0.7
0.5
0.7
0.6
0.9
0.7
0.9
0.9
0.9
0.5
0.4
0.5
0.3
0.7
0.5
0.3
0.4
0.4
0.8
0.7
0.6
0.7
0.5
0.6
0.5
0.6
0.7
0.5
0.4
0.3
0.3
0.6
0.2
0.5
0.4
0.5
0.5
0.3
0.7
0.5
0.1
0.6
0.95
0.4
0.9
0.8
0.7
0.6
0.7
0.5
0.7
0.6
0.9
0.7
0.9
0.9
0.9
0.5
0.5
0.5
0.95
0.8
0.7
0.8
0.95
0.4
0.9
0.8
0.7
0.3
0.8
0.3
0.4
0.3
0.4
0.5
0.1
0.3
0.4
0.5
0.2
0.6
0.5
0.4
0.4
0.8
0.7
0.6
0.7
0.8
0.9
0.05
0.5
0.4
0.5
0.4
0.5
0.4
0.5
0.4
0.2
0.8
0.8
0.8
0.7
0.5
0.4
0.5
0.3
0.7
0.5
0.3
0.4
0.4
0.8
0.7
0.6
0.7
0.5
0.6
0.5
0.6
0.7
0.7
0.75
0.75
0.3
0.8
0.95
0.2
0.9
0.75
0.5
0.8
0.7
0.5
0.3
0.7
0.3
0.1
0.2
0.3
0.2
0.4
0.5
0.6
0.5
0.4
0.5
0.3
0.4
0.5
0.7
0.5
0.6
0.7
0.3
0.6
0.7
0.9
0.2
0.85
0.8
0.5
0.4
0.5
0.3
0.3
0.7
0.7
0.7
0.5
0.5
0.3
0.3
0.4
0.2
0.4
0.8
0.6
0.7
0.6
0.6
0.9
0.6
0.7
0.5
0.5
0.6
0.5
0.5
0.6
0.7
0.5
0.5
0.5
0.3
0.4
0.3
0.15
0.3
0.6
0.2
0.1
0.5
0.4
0.5
0.3
0.5
0.3
0.7
0.7
0.7
0.5
0.5
0.3
0.1
0.2
0.6
0.95
0.4
0.6
0.9
0.8
0.7
0.6
0.7
0.5
0.7
0.6
0.9
0.7
0.9
0.9
0.9
0.5
0.4
0.5
0.3
0.3
0.7
0.7
0.7
0.5
0.5
0.3
0.3
0.4
0.2
0.4
0.8
0.6
0.7
0.6
0.6
0.9
0.6
0.7
0.5
0.5
0.6
0.5
0.5
0.6
0.7
0.5
0.5
0.5
0.3
0.4
0.3
0.15
0.3
0.6
0.2
0.1
0.5
0.4
0.5
0.3
0.5
0.3
0.7
0.7
0.7
0.5
0.5
0.3
0.1
0.2
0.6
0.95
0.4
0.6
0.9
0.8
0.7
0.6
0.7
0.5
0.7
0.6
0.9
0.7
0.9
0.9
0.9
0.5
0.5
0.5
0.7
0.95
0.8
0.3
0.7
0.7
0.8
0.3
0.95
0.4
0.2
0.9
0.8
0.6
0.7
0.6
0.2
0.3
0.1
0.8
0.3
0.5
0.4
0.5
0.3
0.4
0.3
0.5
0.35
0.1
0.4
0.8
0.8
0.3
0.4
0.4
0.5
0.2
0.5
0.6
0.5
0.5
0.9
0.4
0.9
0.5
0.6
0.4
0.7
0.8
0.7
0.6
0.7
0.7
0.3
0.8
0.4
0.9
0.05
0.5
0.4
0.5
0.4
0.5
0.4
0.5
0.4
0.2
0.8
0.8
0.8
0.7
0.5
0.4
0.5
0.3
0.3
0.7
0.7
0.7
0.5
0.5
0.3
0.3
0.4
0.2
0.4
0.8
0.6
0.7
0.6
0.6
0.9
0.6
0.7
0.5
0.5
0.6
0.5
0.5
0.6
0.7
0.5
0.7
0.5
0.75
0.3
0.75
0.3
0.15
0.8
0.95
0.2
0.1
0.9
0.75
0.5
0.4
0.8
0.4
0.4
0.4
0.5
0.6
0.4
0.7
0.4
0.4
0.4
0.4
0.5
0.6
0.4
0.3
0.4
0.4
0.4
0.4
0.5
0.6
0.4
0.2
0.4
0.7
0.3
0.6
0.5
0.4
0.5
0.5
0.4
0.4
0.4
0.4
0.5
0.6
0.4
0.7
0.4
0.4
0.4
0.4
0.5
0.6
0.6
0.4
0.7
0.8
0.3
0.4
0.4
0.4
0.4
0.5
0.6
0.4
0.2
0.4
0.3
0.5
0.7
0.75
0.8
0.5
0.6
0.4
0.5
0.2
0.3
0.1