1.23
1.5633
1.8967
2.23
2.5633
2.8967
3.23
3.5633
3.8967
4.23
4.5633
4.8967
5.23
5.5633
5.8967
6.23
6.5633
6.8967
7.23
7.5633
7.8967
8.23
8.5633
8.8967
9.23
9.5633
9.8967
10.23
10.5633
10.8967
11.23
11.5633
11.8967
12.23
12.5633
12.8967
13.23
13.5633
13.8967
14.23
14.5633
14.8967
15.23
15.5633
15.8967
16.23
16.5633
16.8967
17.23
17.5633
17.8967
18.23
18.5633
18.8967
19.23
19.5633
19.8967
20.23
20.5633
20.8967
21.23
21.5633
21.8967
22.23
22.5633
22.8967
23.23
23.5633
23.8967
24.23
24.5633
24.8967
25.23
25.5633
25.8967
26.23
26.5633
26.8967
27.23
27.5633
27.8967
28.23
28.5633
28.8967
29.23
29.5633
29.8967
30.23
30.5633
30.8967
31.23
31.5633
31.8967
32.23
32.5633
32.8967
33.23
33.5633
33.8967
34.23
34.5633
34.8967
35.23
35.5633
35.8967
36.23
36.5633
36.8967
37.23
37.5633
37.8967
38.23
38.5633
38.8967
39.23
39.5633
39.8967
40.23
40.5633
40.73
40.8967
41.23
41.5633
41.8967
42.23
42.5633
42.8967
43.23
43.5633
43.8967
44.23
44.5633
44.8967
45.23
45.5633
45.8967
46.23
46.5633
46.8967
47.23
47.5633
47.8967
48.23
48.5633
48.8967
49.23
49.5633
49.8967
50.23
50.5633
50.8967
51.23
51.5633
51.8967
52.23
52.5633
52.8967
53.23
53.5633
53.8967
54.23
54.5633
54.8967
55.23
55.5633
55.8967
56.23
56.5633
56.8967
57.23
57.5633
57.8967
58.23
58.5633
58.8967
59.23
59.5633
59.8967
60.23
60.5633
60.8967
61.23
61.5633
61.8967
62.0633
62.23
62.5633
62.8967
63.23
63.8967
64.23
64.5633
64.8967
65.23
65.5633
65.8967
66.23
66.5633
67.8967
68.5633
68.8967
69.23
69.5633
69.8967
70.23
70.5633
71.23
71.5633
71.8967
72.23
72.5633
72.8967
73.23
73.8967
74.23
74.8967
75.23
75.5633
75.8967
76.23
76.5633
76.8967
77.5633
88.8967
78.23
78.5633
78.7867
79.23
79.5633
79.8967
80.23
80.5633
80.8967
81.23
81.5633
81.8967
82.23
82.5633
82.8967
83.23
83.5633
83.8967
84.23
84.5633
84.8967
85.23
85.5633
85.8967
86.23
86.5633
86.8967
87.23
87.5633
87.8967
88.23
88.5633
88.8967
89.23
89.5633
89.8967
90.23
90.5633
90.8967
91.23
91.5633
91.8967
92.23
92.5633
92.8967
93.23
93.5633
93.8967
94.23
94.5633
94.8967
95.23
95.5633
95.8967
96.23
96.5633
96.8967
97.23
97.5633
97.73
97.8967
98.23
98.5633
98.8967
99.23
99.5633
99.8967
100.23
100.5633
100.8967
101.23
101.5633
101.8967
102.23
102.5633
102.8967
103.0633
103.23
103.5633
103.8967
104.23
104.5633
104.8967
105.23
105.5633
105.8967
106.23
106.5633
106.8967
107.23
107.5633
107.73
107.8967
108.23
108.3967
108.5633
108.8967
109.23
109.5633
109.8967
110.23
110.5633
110.8967
111.23
111.5633
111.8967
112.23
112.5633
112.8967
113.0633
113.23
113.5633
113.73
113.8967
114.23
114.5633
114.8967
115.23
115.5633
115.8967
116.23
116.5633
116.8967
117.23
117.5633
117.8967
118.23
118.5633
118.8967
119.0633
119.23
119.5633
119.8967
120.23
120.5633
120.8967
121.23
121.5633
121.8967
122.23
122.5633
122.8967
123.23
123.5633
123.8967
124.23
124.3967
124.5633
124.8967
125.23
125.5633
125.8967
126.23
126.5633
126.8967
127.23
127.5633
127.8967
128.23
128.5633
128.8967
129.0633
129.23
129.5633
129.73
129.8967
130.23
130.5633
130.8967
131.23
131.5633
131.8967
132.23
132.5633
132.8967
133.23
133.5633
133.8967
134.23
134.3967
134.5633
134.8967
135.0633
135.23
135.5633
135.8967
136.23
136.5633
136.8967
137.23
137.5633
137.8967
138.23
138.5633
138.8967
139.23
139.5633
139.8967
140.23
140.3967
140.5633
140.8967
141.23
141.5633
141.8967
142.23
142.5633
142.8967
143.23
143.5633
143.8967
144.23
144.5633
144.8967
145.23
145.5633
145.73
145.8967
146.23
146.5633
146.8967
147.23
147.5633
147.8967
148.23
148.5633
148.8967
149.23
149.5633
149.8967
150.23
150.3967
150.5633
150.8967
151.0633
151.23
151.5633
151.8967
152.23
152.5633
152.8967
153.23
153.5633
153.8967
154.23
154.5633
154.8967
155.23
155.5633
155.73
155.8967
156.23
156.3967
156.5633
156.8967
157.23
157.5633
157.8967
158.23
158.5633
158.8967
159.23
159.5633
159.8967
160.23
160.5633
160.8967
161.23
161.73
162.23
162.5633
163.5633
163.8967
166.23
166.5633
167.0633
167.5633
167.8967
168.8967
169.23
170.23
171.23
171.73
171.8967
172.3967
172.8967
173.23
174.23
174.5633
176.8967
177.0633
177.23
179.5633
179.8967
180.8967
182.5633
182.73
182.8967
183.0633
183.23
183.3967
183.5633
183.73
183.8967
184.0633
184.23
184.3967
184.5633
184.73
184.8967
185.0633
185.23
185.3967
185.5633
185.73
185.8967
186.0633
186.23
186.3967
186.5633
186.73
186.8967
187.0633
187.23
187.3967
187.5633
187.73
187.8967
188.0633
188.23
188.3967
188.5633
188.73
188.8967
189.0633
189.23
189.3967
189.5633
189.73
189.8967
190.0633
190.23
190.3967
190.5633
190.73
190.8967
191.0633
191.23
191.3967
191.5633
191.73
191.8967
192.0633
192.23
192.3967
192.5633
192.73
192.8967
193.0633
193.23
193.3967
193.5633
193.73
193.8967
194.0633
194.23
194.3967
194.5633
194.73
194.8967
195.0633
195.23
195.3967
195.5633
195.73
195.8967
196.0633
196.23
196.3967
196.5633
196.73
196.8967
197.0633
197.23
197.3967
197.5633
197.73
197.8967
198.0633
198.23
198.3967
198.5633
198.73
198.8967
199.0633
199.23
199.3967
199.5633
199.73
199.8967
200.0633
200.23
200.3967
200.5633
200.73
200.8967
201.0633
201.23
201.3967
201.5633
201.73
201.8967
202.0633
202.23
202.3967
202.5633
202.73
202.8967
203.0633
203.23
203.3967
203.5633
203.73
203.8967
204.0633
204.23
204.3967
204.5633
204.73
204.8967
205.0633
205.23
205.3967
205.5633
205.73
205.8967
206.0633
206.23
206.3967
206.5633
206.73
206.8967
207.0633
207.23
207.3967
207.5633
207.73
207.8967
208.0633
208.23
208.3967
208.5633
208.73
208.8967
209.0633
209.23
209.3967
209.5633
209.73
209.8967
210.0633
210.23
210.3967
210.5633
210.73
210.8967
211.0633
211.23
211.3967
211.5633
211.73
211.8967
212.0633
212.23
212.3967
212.5633
212.73
212.8967
213.0633
213.23
213.3967
213.5633
213.73
213.8967
214.0633
214.23
214.3967
214.5633
214.73
214.8967
215.0633
215.23
215.3967
215.5633
215.73
215.8967
216.0633
216.23
216.3967
216.5633
216.73
216.8967
217.0633
217.23
217.3967
217.5633
217.73
217.8967
218.0633
218.23
218.3967
218.5633
218.73
218.8967
219.0633
219.23
219.3967
219.5633
219.73
219.8967
220.0633
220.23
220.3967
220.5633
220.73
220.8967
221.0633
221.23
221.3967
221.5633
221.73
221.8967
222.0633
222.23
222.3967
222.5633
222.73
222.8967
223.0633
223.23
223.3967
223.5633
223.73
223.8967
224.0633
224.23
224.3967
224.5633
224.73
224.8967
225.0633
225.23
231.8967
232.23
232.5633
232.8967
233.23
233.5633
233.8967
234.23
234.5633
234.8967
235.23
235.5633
236.23
236.5633
236.8967
237.23
237.5633
237.8967
238.23
238.8967
239.23
239.5633
239.8967
240.23
240.5633
240.8967
241.5633
241.8967
242.23
242.5633
242.8967
243.23
243.5633
243.8967
244.23
244.5633
244.8967
245.23
245.5633
245.8967
246.23
246.5633
246.8967
247.23
247.5633
247.8967
248.23
248.5633
248.8967
249.23
249.5633
249.8967
250.0633
250.23
250.5633
250.8967
251.23
251.5633
251.8967
252.23
252.5633
252.8967
253.23
253.8967
254.23
254.8967
255.23
255.5633
255.8967
256.5633
256.8967
257.5633
258.23
258.5633
259.23
259.5633
260.23
260.5633
260.73
261.23
261.8967
262.23
263.8967
263.5633
263.8967
266.23
266.5633
268.8967
269.23
271.5633
271.8967